(kicad_pcb (version 20160815) (host pcbnew "(2016-10-07 revision efdfaeb)-HEAD")

  (general
    (links 62)
    (no_connects 0)
    (area 16.586999 17.470919 27.847761 25.958001)
    (thickness 1.6)
    (drawings 10)
    (tracks 315)
    (zones 0)
    (modules 36)
    (nets 38)
  )

  (page User 101.6 101.6)
  (layers
    (0 F.Cu signal)
    (31 B.Cu signal)
    (32 B.Adhes user)
    (33 F.Adhes user)
    (34 B.Paste user)
    (35 F.Paste user)
    (36 B.SilkS user hide)
    (37 F.SilkS user hide)
    (38 B.Mask user hide)
    (39 F.Mask user)
    (40 Dwgs.User user hide)
    (41 Cmts.User user hide)
    (42 Eco1.User user hide)
    (43 Eco2.User user hide)
    (44 Edge.Cuts user)
  )

  (setup
    (last_trace_width 0.1524)
    (user_trace_width 0.28)
    (user_trace_width 0.3048)
    (user_trace_width 0.4)
    (trace_clearance 0.1524)
    (zone_clearance 0.1524)
    (zone_45_only no)
    (trace_min 0.1524)
    (segment_width 0.2)
    (edge_width 0.1)
    (via_size 0.6858)
    (via_drill 0.3302)
    (via_min_size 0.6858)
    (via_min_drill 0.3302)
    (user_via 0.889 0.508)
    (uvia_size 0.508)
    (uvia_drill 0.127)
    (uvias_allowed no)
    (uvia_min_size 0.508)
    (uvia_min_drill 0.127)
    (pcb_text_width 0.3)
    (pcb_text_size 1.5 1.5)
    (mod_edge_width 0.15)
    (mod_text_size 1 1)
    (mod_text_width 0.15)
    (pad_size 0.95 0.65)
    (pad_drill 0)
    (pad_to_mask_clearance 0)
    (pad_to_paste_clearance -0.762)
    (aux_axis_origin 0 0)
    (visible_elements FFFCFE7F)
    (pcbplotparams
      (layerselection 0x010fc_ffffffff)
      (usegerberextensions true)
      (excludeedgelayer true)
      (linewidth 0.150000)
      (plotframeref false)
      (viasonmask false)
      (mode 1)
      (useauxorigin false)
      (hpglpennumber 1)
      (hpglpenspeed 20)
      (hpglpendiameter 15)
      (psnegative false)
      (psa4output false)
      (plotreference false)
      (plotvalue false)
      (plotinvisibletext false)
      (padsonsilk false)
      (subtractmaskfromsilk true)
      (outputformat 1)
      (mirror false)
      (drillshape 0)
      (scaleselection 1)
      (outputdirectory gerber))
  )

  (net 0 "")
  (net 1 /ADC0)
  (net 2 /ADC1)
  (net 3 /ANT_N)
  (net 4 /ANT_P)
  (net 5 /DEBUG)
  (net 6 /ISP_CLOCK)
  (net 7 /ISP_DATA)
  (net 8 /SBUS_PPM)
  (net 9 /~RESET)
  (net 10 GND)
  (net 11 VCC)
  (net 12 "Net-(ANT1-Pad1)")
  (net 13 "Net-(C1-Pad2)")
  (net 14 "Net-(C2-Pad1)")
  (net 15 "Net-(C4-Pad2)")
  (net 16 "Net-(C6-Pad1)")
  (net 17 "Net-(C7-Pad2)")
  (net 18 "Net-(C11-Pad2)")
  (net 19 "Net-(D1-Pad2)")
  (net 20 "Net-(D1-Pad1)")
  (net 21 "Net-(D2-Pad2)")
  (net 22 "Net-(D2-Pad1)")
  (net 23 "Net-(R1-Pad1)")
  (net 24 "Net-(R3-Pad2)")
  (net 25 "Net-(U1-Pad32)")
  (net 26 "Net-(U1-Pad33)")
  (net 27 "Net-(U1-Pad34)")
  (net 28 "Net-(U1-Pad35)")
  (net 29 "Net-(U1-Pad36)")
  (net 30 "Net-(U1-Pad1)")
  (net 31 "Net-(U1-Pad4)")
  (net 32 "Net-(U1-Pad5)")
  (net 33 "Net-(U1-Pad6)")
  (net 34 "Net-(U1-Pad7)")
  (net 35 "Net-(U1-Pad13)")
  (net 36 "Net-(U1-Pad14)")
  (net 37 "Net-(U1-Pad18)")

  (net_class Default "This is the default net class."
    (clearance 0.1524)
    (trace_width 0.1524)
    (via_dia 0.6858)
    (via_drill 0.3302)
    (uvia_dia 0.508)
    (uvia_drill 0.127)
    (diff_pair_gap 0.25)
    (diff_pair_width 0.2)
    (add_net /ADC0)
    (add_net /ADC1)
    (add_net /ANT_N)
    (add_net /ANT_P)
    (add_net /DEBUG)
    (add_net /ISP_CLOCK)
    (add_net /ISP_DATA)
    (add_net /SBUS_PPM)
    (add_net /~RESET)
    (add_net GND)
    (add_net "Net-(ANT1-Pad1)")
    (add_net "Net-(C1-Pad2)")
    (add_net "Net-(C11-Pad2)")
    (add_net "Net-(C2-Pad1)")
    (add_net "Net-(C4-Pad2)")
    (add_net "Net-(C6-Pad1)")
    (add_net "Net-(C7-Pad2)")
    (add_net "Net-(D1-Pad1)")
    (add_net "Net-(D1-Pad2)")
    (add_net "Net-(D2-Pad1)")
    (add_net "Net-(D2-Pad2)")
    (add_net "Net-(R1-Pad1)")
    (add_net "Net-(R3-Pad2)")
    (add_net "Net-(U1-Pad1)")
    (add_net "Net-(U1-Pad13)")
    (add_net "Net-(U1-Pad14)")
    (add_net "Net-(U1-Pad18)")
    (add_net "Net-(U1-Pad32)")
    (add_net "Net-(U1-Pad33)")
    (add_net "Net-(U1-Pad34)")
    (add_net "Net-(U1-Pad35)")
    (add_net "Net-(U1-Pad36)")
    (add_net "Net-(U1-Pad4)")
    (add_net "Net-(U1-Pad5)")
    (add_net "Net-(U1-Pad6)")
    (add_net "Net-(U1-Pad7)")
    (add_net VCC)
  )

  (module custom:TP_1x1 (layer F.Cu) (tedit 58432258) (tstamp 581F8D78)
    (at 26.8732 18.034)
    (path /5658A7CA)
    (fp_text reference 3V3 (at -0.1 -3.2) (layer F.SilkS) hide
      (effects (font (size 1 1) (thickness 0.15)))
    )
    (fp_text value TP (at 0.1 -5) (layer F.SilkS) hide
      (effects (font (size 1 1) (thickness 0.15)))
    )
    (pad 1 smd rect (at 0.1 0.3) (size 1 1) (layers F.Cu F.Mask)
      (net 11 VCC))
  )

  (module custom:TP_1x1 (layer F.Cu) (tedit 58432258) (tstamp 581F8D7C)
    (at 26.797 22.15388)
    (path /56589F80)
    (fp_text reference ADC0 (at -0.1 -3.2) (layer F.SilkS) hide
      (effects (font (size 1 1) (thickness 0.15)))
    )
    (fp_text value TP (at 0.1 -5) (layer F.SilkS) hide
      (effects (font (size 1 1) (thickness 0.15)))
    )
    (pad 1 smd rect (at 0.1 0.3) (size 1 1) (layers F.Cu F.Mask)
      (net 1 /ADC0))
  )

  (module custom:TP_1x1 (layer F.Cu) (tedit 58432258) (tstamp 581F8D80)
    (at 26.8224 24.7904)
    (path /56589F7A)
    (fp_text reference ADC1 (at -0.1 -3.2) (layer F.SilkS) hide
      (effects (font (size 1 1) (thickness 0.15)))
    )
    (fp_text value TP (at 0.1 -5) (layer F.SilkS) hide
      (effects (font (size 1 1) (thickness 0.15)))
    )
    (pad 1 smd rect (at 0.1 0.3) (size 1 1) (layers F.Cu F.Mask)
      (net 2 /ADC1))
  )

  (module custom:smd_1x1_round (layer B.Cu) (tedit 58432258) (tstamp 581F8D84)
    (at 17.34312 23.71852)
    (path /57C54D41)
    (fp_text reference ANT1 (at 0 0) (layer B.SilkS) hide
      (effects (font (size 1 1) (thickness 0.15)) (justify mirror))
    )
    (fp_text value TP (at 0 0 270) (layer B.SilkS) hide
      (effects (font (size 1 1) (thickness 0.15)) (justify mirror))
    )
    (pad 1 smd oval (at 0 0) (size 1 1) (layers B.Cu B.Paste B.Mask)
      (net 12 "Net-(ANT1-Pad1)"))
  )

  (module Resistors_SMD:R_0402 (layer F.Cu) (tedit 58432258) (tstamp 581F8D88)
    (at 22.7076 20.1676 90)
    (descr "Resistor SMD 0402, reflow soldering, Vishay (see dcrcw.pdf)")
    (tags "resistor 0402")
    (path /56574FE5)
    (attr smd)
    (fp_text reference C1 (at 0 -1.8 90) (layer F.SilkS)
      (effects (font (size 1 1) (thickness 0.15)))
    )
    (fp_text value 1u (at 0 1.8 90) (layer F.Fab)
      (effects (font (size 1 1) (thickness 0.15)))
    )
    (fp_line (start -0.95 -0.65) (end 0.95 -0.65) (layer F.CrtYd) (width 0.05))
    (fp_line (start -0.95 0.65) (end 0.95 0.65) (layer F.CrtYd) (width 0.05))
    (fp_line (start -0.95 -0.65) (end -0.95 0.65) (layer F.CrtYd) (width 0.05))
    (fp_line (start 0.95 -0.65) (end 0.95 0.65) (layer F.CrtYd) (width 0.05))
    (fp_line (start 0.25 -0.525) (end -0.25 -0.525) (layer F.SilkS) (width 0.15))
    (fp_line (start -0.25 0.525) (end 0.25 0.525) (layer F.SilkS) (width 0.15))
    (pad 2 smd rect (at 0.45 0 90) (size 0.4 0.6) (layers F.Cu F.Paste F.Mask)
      (net 13 "Net-(C1-Pad2)"))
    (pad 1 smd rect (at -0.45 0 90) (size 0.4 0.6) (layers F.Cu F.Paste F.Mask)
      (net 10 GND))
    (model Resistors_SMD.3dshapes/R_0402.wrl
      (at (xyz 0 0 0))
      (scale (xyz 1 1 1))
      (rotate (xyz 0 0 0))
    )
  )

  (module Resistors_SMD:R_0402 (layer F.Cu) (tedit 58432258) (tstamp 581F8D8D)
    (at 22.7838 24.9428 270)
    (descr "Resistor SMD 0402, reflow soldering, Vishay (see dcrcw.pdf)")
    (tags "resistor 0402")
    (path /5658A4C8)
    (attr smd)
    (fp_text reference C2 (at 0 -1.8 270) (layer F.SilkS)
      (effects (font (size 1 1) (thickness 0.15)))
    )
    (fp_text value 12p (at 0 1.8 270) (layer F.Fab)
      (effects (font (size 1 1) (thickness 0.15)))
    )
    (fp_line (start -0.95 -0.65) (end 0.95 -0.65) (layer F.CrtYd) (width 0.05))
    (fp_line (start -0.95 0.65) (end 0.95 0.65) (layer F.CrtYd) (width 0.05))
    (fp_line (start -0.95 -0.65) (end -0.95 0.65) (layer F.CrtYd) (width 0.05))
    (fp_line (start 0.95 -0.65) (end 0.95 0.65) (layer F.CrtYd) (width 0.05))
    (fp_line (start 0.25 -0.525) (end -0.25 -0.525) (layer F.SilkS) (width 0.15))
    (fp_line (start -0.25 0.525) (end 0.25 0.525) (layer F.SilkS) (width 0.15))
    (pad 2 smd rect (at 0.45 0 270) (size 0.4 0.6) (layers F.Cu F.Paste F.Mask)
      (net 10 GND))
    (pad 1 smd rect (at -0.45 0 270) (size 0.4 0.6) (layers F.Cu F.Paste F.Mask)
      (net 14 "Net-(C2-Pad1)"))
    (model Resistors_SMD.3dshapes/R_0402.wrl
      (at (xyz 0 0 0))
      (scale (xyz 1 1 1))
      (rotate (xyz 0 0 0))
    )
  )

  (module Resistors_SMD:R_0402 (layer F.Cu) (tedit 58432258) (tstamp 581F8D92)
    (at 23.0886 18.57248 270)
    (descr "Resistor SMD 0402, reflow soldering, Vishay (see dcrcw.pdf)")
    (tags "resistor 0402")
    (path /56575052)
    (attr smd)
    (fp_text reference C3 (at 0 -1.8 270) (layer F.SilkS)
      (effects (font (size 1 1) (thickness 0.15)))
    )
    (fp_text value 100n (at 0 1.8 270) (layer F.Fab)
      (effects (font (size 1 1) (thickness 0.15)))
    )
    (fp_line (start -0.95 -0.65) (end 0.95 -0.65) (layer F.CrtYd) (width 0.05))
    (fp_line (start -0.95 0.65) (end 0.95 0.65) (layer F.CrtYd) (width 0.05))
    (fp_line (start -0.95 -0.65) (end -0.95 0.65) (layer F.CrtYd) (width 0.05))
    (fp_line (start 0.95 -0.65) (end 0.95 0.65) (layer F.CrtYd) (width 0.05))
    (fp_line (start 0.25 -0.525) (end -0.25 -0.525) (layer F.SilkS) (width 0.15))
    (fp_line (start -0.25 0.525) (end 0.25 0.525) (layer F.SilkS) (width 0.15))
    (pad 2 smd rect (at 0.45 0 270) (size 0.4 0.6) (layers F.Cu F.Paste F.Mask)
      (net 10 GND))
    (pad 1 smd rect (at -0.45 0 270) (size 0.4 0.6) (layers F.Cu F.Paste F.Mask)
      (net 11 VCC))
    (model Resistors_SMD.3dshapes/R_0402.wrl
      (at (xyz 0 0 0))
      (scale (xyz 1 1 1))
      (rotate (xyz 0 0 0))
    )
  )

  (module Resistors_SMD:R_0402 (layer B.Cu) (tedit 58432258) (tstamp 581F8D97)
    (at 18.94332 20.6502 90)
    (descr "Resistor SMD 0402, reflow soldering, Vishay (see dcrcw.pdf)")
    (tags "resistor 0402")
    (path /57C54020)
    (attr smd)
    (fp_text reference C4 (at 0 1.8 90) (layer B.SilkS)
      (effects (font (size 1 1) (thickness 0.15)) (justify mirror))
    )
    (fp_text value 100p (at 0 -1.8 90) (layer B.Fab)
      (effects (font (size 1 1) (thickness 0.15)) (justify mirror))
    )
    (fp_line (start -0.95 0.65) (end 0.95 0.65) (layer B.CrtYd) (width 0.05))
    (fp_line (start -0.95 -0.65) (end 0.95 -0.65) (layer B.CrtYd) (width 0.05))
    (fp_line (start -0.95 0.65) (end -0.95 -0.65) (layer B.CrtYd) (width 0.05))
    (fp_line (start 0.95 0.65) (end 0.95 -0.65) (layer B.CrtYd) (width 0.05))
    (fp_line (start 0.25 0.525) (end -0.25 0.525) (layer B.SilkS) (width 0.15))
    (fp_line (start -0.25 -0.525) (end 0.25 -0.525) (layer B.SilkS) (width 0.15))
    (pad 2 smd rect (at 0.45 0 90) (size 0.4 0.6) (layers B.Cu B.Paste B.Mask)
      (net 15 "Net-(C4-Pad2)"))
    (pad 1 smd rect (at -0.45 0 90) (size 0.4 0.6) (layers B.Cu B.Paste B.Mask)
      (net 3 /ANT_N))
    (model Resistors_SMD.3dshapes/R_0402.wrl
      (at (xyz 0 0 0))
      (scale (xyz 1 1 1))
      (rotate (xyz 0 0 0))
    )
  )

  (module Resistors_SMD:R_0402 (layer F.Cu) (tedit 58432258) (tstamp 581F8D9C)
    (at 24.01316 18.57248 270)
    (descr "Resistor SMD 0402, reflow soldering, Vishay (see dcrcw.pdf)")
    (tags "resistor 0402")
    (path /5657501E)
    (attr smd)
    (fp_text reference C5 (at 0 -1.8 270) (layer F.SilkS)
      (effects (font (size 1 1) (thickness 0.15)))
    )
    (fp_text value 220p (at 0 1.8 270) (layer F.Fab)
      (effects (font (size 1 1) (thickness 0.15)))
    )
    (fp_line (start -0.25 0.525) (end 0.25 0.525) (layer F.SilkS) (width 0.15))
    (fp_line (start 0.25 -0.525) (end -0.25 -0.525) (layer F.SilkS) (width 0.15))
    (fp_line (start 0.95 -0.65) (end 0.95 0.65) (layer F.CrtYd) (width 0.05))
    (fp_line (start -0.95 -0.65) (end -0.95 0.65) (layer F.CrtYd) (width 0.05))
    (fp_line (start -0.95 0.65) (end 0.95 0.65) (layer F.CrtYd) (width 0.05))
    (fp_line (start -0.95 -0.65) (end 0.95 -0.65) (layer F.CrtYd) (width 0.05))
    (pad 1 smd rect (at -0.45 0 270) (size 0.4 0.6) (layers F.Cu F.Paste F.Mask)
      (net 11 VCC))
    (pad 2 smd rect (at 0.45 0 270) (size 0.4 0.6) (layers F.Cu F.Paste F.Mask)
      (net 10 GND))
    (model Resistors_SMD.3dshapes/R_0402.wrl
      (at (xyz 0 0 0))
      (scale (xyz 1 1 1))
      (rotate (xyz 0 0 0))
    )
  )

  (module Resistors_SMD:R_0402 (layer F.Cu) (tedit 58432258) (tstamp 581F8DA1)
    (at 20.574 22.8473 90)
    (descr "Resistor SMD 0402, reflow soldering, Vishay (see dcrcw.pdf)")
    (tags "resistor 0402")
    (path /5658A4C2)
    (attr smd)
    (fp_text reference C6 (at 0 -1.8 90) (layer F.SilkS)
      (effects (font (size 1 1) (thickness 0.15)))
    )
    (fp_text value 12p (at 0 1.8 90) (layer F.Fab)
      (effects (font (size 1 1) (thickness 0.15)))
    )
    (fp_line (start -0.25 0.525) (end 0.25 0.525) (layer F.SilkS) (width 0.15))
    (fp_line (start 0.25 -0.525) (end -0.25 -0.525) (layer F.SilkS) (width 0.15))
    (fp_line (start 0.95 -0.65) (end 0.95 0.65) (layer F.CrtYd) (width 0.05))
    (fp_line (start -0.95 -0.65) (end -0.95 0.65) (layer F.CrtYd) (width 0.05))
    (fp_line (start -0.95 0.65) (end 0.95 0.65) (layer F.CrtYd) (width 0.05))
    (fp_line (start -0.95 -0.65) (end 0.95 -0.65) (layer F.CrtYd) (width 0.05))
    (pad 1 smd rect (at -0.45 0 90) (size 0.4 0.6) (layers F.Cu F.Paste F.Mask)
      (net 16 "Net-(C6-Pad1)"))
    (pad 2 smd rect (at 0.45 0 90) (size 0.4 0.6) (layers F.Cu F.Paste F.Mask)
      (net 10 GND))
    (model Resistors_SMD.3dshapes/R_0402.wrl
      (at (xyz 0 0 0))
      (scale (xyz 1 1 1))
      (rotate (xyz 0 0 0))
    )
  )

  (module Resistors_SMD:R_0402 (layer B.Cu) (tedit 58432258) (tstamp 581F8DA6)
    (at 18.93824 22.26056 270)
    (descr "Resistor SMD 0402, reflow soldering, Vishay (see dcrcw.pdf)")
    (tags "resistor 0402")
    (path /57C54026)
    (attr smd)
    (fp_text reference C7 (at 0 1.8 270) (layer B.SilkS)
      (effects (font (size 1 1) (thickness 0.15)) (justify mirror))
    )
    (fp_text value 100p (at 0 -1.8 270) (layer B.Fab)
      (effects (font (size 1 1) (thickness 0.15)) (justify mirror))
    )
    (fp_line (start -0.25 -0.525) (end 0.25 -0.525) (layer B.SilkS) (width 0.15))
    (fp_line (start 0.25 0.525) (end -0.25 0.525) (layer B.SilkS) (width 0.15))
    (fp_line (start 0.95 0.65) (end 0.95 -0.65) (layer B.CrtYd) (width 0.05))
    (fp_line (start -0.95 0.65) (end -0.95 -0.65) (layer B.CrtYd) (width 0.05))
    (fp_line (start -0.95 -0.65) (end 0.95 -0.65) (layer B.CrtYd) (width 0.05))
    (fp_line (start -0.95 0.65) (end 0.95 0.65) (layer B.CrtYd) (width 0.05))
    (pad 1 smd rect (at -0.45 0 270) (size 0.4 0.6) (layers B.Cu B.Paste B.Mask)
      (net 4 /ANT_P))
    (pad 2 smd rect (at 0.45 0 270) (size 0.4 0.6) (layers B.Cu B.Paste B.Mask)
      (net 17 "Net-(C7-Pad2)"))
    (model Resistors_SMD.3dshapes/R_0402.wrl
      (at (xyz 0 0 0))
      (scale (xyz 1 1 1))
      (rotate (xyz 0 0 0))
    )
  )

  (module Resistors_SMD:R_0402 (layer B.Cu) (tedit 58432258) (tstamp 581F8DAB)
    (at 18.93824 23.86584 90)
    (descr "Resistor SMD 0402, reflow soldering, Vishay (see dcrcw.pdf)")
    (tags "resistor 0402")
    (path /57C5404C)
    (attr smd)
    (fp_text reference C8 (at 0 1.8 90) (layer B.SilkS)
      (effects (font (size 1 1) (thickness 0.15)) (justify mirror))
    )
    (fp_text value 1p (at 0 -1.8 90) (layer B.Fab)
      (effects (font (size 1 1) (thickness 0.15)) (justify mirror))
    )
    (fp_line (start -0.95 0.65) (end 0.95 0.65) (layer B.CrtYd) (width 0.05))
    (fp_line (start -0.95 -0.65) (end 0.95 -0.65) (layer B.CrtYd) (width 0.05))
    (fp_line (start -0.95 0.65) (end -0.95 -0.65) (layer B.CrtYd) (width 0.05))
    (fp_line (start 0.95 0.65) (end 0.95 -0.65) (layer B.CrtYd) (width 0.05))
    (fp_line (start 0.25 0.525) (end -0.25 0.525) (layer B.SilkS) (width 0.15))
    (fp_line (start -0.25 -0.525) (end 0.25 -0.525) (layer B.SilkS) (width 0.15))
    (pad 2 smd rect (at 0.45 0 90) (size 0.4 0.6) (layers B.Cu B.Paste B.Mask)
      (net 17 "Net-(C7-Pad2)"))
    (pad 1 smd rect (at -0.45 0 90) (size 0.4 0.6) (layers B.Cu B.Paste B.Mask)
      (net 10 GND))
    (model Resistors_SMD.3dshapes/R_0402.wrl
      (at (xyz 0 0 0))
      (scale (xyz 1 1 1))
      (rotate (xyz 0 0 0))
    )
  )

  (module Resistors_SMD:R_0402 (layer B.Cu) (tedit 58432258) (tstamp 581F8DB0)
    (at 18.03908 20.6502 270)
    (descr "Resistor SMD 0402, reflow soldering, Vishay (see dcrcw.pdf)")
    (tags "resistor 0402")
    (path /57C5432E)
    (attr smd)
    (fp_text reference C9 (at 0 1.8 270) (layer B.SilkS)
      (effects (font (size 1 1) (thickness 0.15)) (justify mirror))
    )
    (fp_text value 1p (at 0 -1.8 270) (layer B.Fab)
      (effects (font (size 1 1) (thickness 0.15)) (justify mirror))
    )
    (fp_line (start -0.25 -0.525) (end 0.25 -0.525) (layer B.SilkS) (width 0.15))
    (fp_line (start 0.25 0.525) (end -0.25 0.525) (layer B.SilkS) (width 0.15))
    (fp_line (start 0.95 0.65) (end 0.95 -0.65) (layer B.CrtYd) (width 0.05))
    (fp_line (start -0.95 0.65) (end -0.95 -0.65) (layer B.CrtYd) (width 0.05))
    (fp_line (start -0.95 -0.65) (end 0.95 -0.65) (layer B.CrtYd) (width 0.05))
    (fp_line (start -0.95 0.65) (end 0.95 0.65) (layer B.CrtYd) (width 0.05))
    (pad 1 smd rect (at -0.45 0 270) (size 0.4 0.6) (layers B.Cu B.Paste B.Mask)
      (net 15 "Net-(C4-Pad2)"))
    (pad 2 smd rect (at 0.45 0 270) (size 0.4 0.6) (layers B.Cu B.Paste B.Mask)
      (net 18 "Net-(C11-Pad2)"))
    (model Resistors_SMD.3dshapes/R_0402.wrl
      (at (xyz 0 0 0))
      (scale (xyz 1 1 1))
      (rotate (xyz 0 0 0))
    )
  )

  (module Resistors_SMD:R_0402 (layer F.Cu) (tedit 58432258) (tstamp 581F8DB5)
    (at 22.1742 18.57248 270)
    (descr "Resistor SMD 0402, reflow soldering, Vishay (see dcrcw.pdf)")
    (tags "resistor 0402")
    (path /5657553A)
    (attr smd)
    (fp_text reference C10 (at 0 -1.8 270) (layer F.SilkS)
      (effects (font (size 1 1) (thickness 0.15)))
    )
    (fp_text value 1u (at 0 1.8 270) (layer F.Fab)
      (effects (font (size 1 1) (thickness 0.15)))
    )
    (fp_line (start -0.25 0.525) (end 0.25 0.525) (layer F.SilkS) (width 0.15))
    (fp_line (start 0.25 -0.525) (end -0.25 -0.525) (layer F.SilkS) (width 0.15))
    (fp_line (start 0.95 -0.65) (end 0.95 0.65) (layer F.CrtYd) (width 0.05))
    (fp_line (start -0.95 -0.65) (end -0.95 0.65) (layer F.CrtYd) (width 0.05))
    (fp_line (start -0.95 0.65) (end 0.95 0.65) (layer F.CrtYd) (width 0.05))
    (fp_line (start -0.95 -0.65) (end 0.95 -0.65) (layer F.CrtYd) (width 0.05))
    (pad 1 smd rect (at -0.45 0 270) (size 0.4 0.6) (layers F.Cu F.Paste F.Mask)
      (net 11 VCC))
    (pad 2 smd rect (at 0.45 0 270) (size 0.4 0.6) (layers F.Cu F.Paste F.Mask)
      (net 10 GND))
    (model Resistors_SMD.3dshapes/R_0402.wrl
      (at (xyz 0 0 0))
      (scale (xyz 1 1 1))
      (rotate (xyz 0 0 0))
    )
  )

  (module Resistors_SMD:R_0402 (layer B.Cu) (tedit 58432258) (tstamp 581F8DBA)
    (at 17.13992 20.64512 270)
    (descr "Resistor SMD 0402, reflow soldering, Vishay (see dcrcw.pdf)")
    (tags "resistor 0402")
    (path /57C549E1)
    (attr smd)
    (fp_text reference C11 (at 0 1.8 270) (layer B.SilkS)
      (effects (font (size 1 1) (thickness 0.15)) (justify mirror))
    )
    (fp_text value 1p8 (at 0 -1.8 270) (layer B.Fab)
      (effects (font (size 1 1) (thickness 0.15)) (justify mirror))
    )
    (fp_line (start -0.25 -0.525) (end 0.25 -0.525) (layer B.SilkS) (width 0.15))
    (fp_line (start 0.25 0.525) (end -0.25 0.525) (layer B.SilkS) (width 0.15))
    (fp_line (start 0.95 0.65) (end 0.95 -0.65) (layer B.CrtYd) (width 0.05))
    (fp_line (start -0.95 0.65) (end -0.95 -0.65) (layer B.CrtYd) (width 0.05))
    (fp_line (start -0.95 -0.65) (end 0.95 -0.65) (layer B.CrtYd) (width 0.05))
    (fp_line (start -0.95 0.65) (end 0.95 0.65) (layer B.CrtYd) (width 0.05))
    (pad 1 smd rect (at -0.45 0 270) (size 0.4 0.6) (layers B.Cu B.Paste B.Mask)
      (net 10 GND))
    (pad 2 smd rect (at 0.45 0 270) (size 0.4 0.6) (layers B.Cu B.Paste B.Mask)
      (net 18 "Net-(C11-Pad2)"))
    (model Resistors_SMD.3dshapes/R_0402.wrl
      (at (xyz 0 0 0))
      (scale (xyz 1 1 1))
      (rotate (xyz 0 0 0))
    )
  )

  (module Resistors_SMD:R_0402 (layer B.Cu) (tedit 58432258) (tstamp 581F8DBF)
    (at 17.59204 24.83612 180)
    (descr "Resistor SMD 0402, reflow soldering, Vishay (see dcrcw.pdf)")
    (tags "resistor 0402")
    (path /57C549E7)
    (attr smd)
    (fp_text reference C12 (at 0 1.8 180) (layer B.SilkS)
      (effects (font (size 1 1) (thickness 0.15)) (justify mirror))
    )
    (fp_text value 1p5 (at 0 -1.8 180) (layer B.Fab)
      (effects (font (size 1 1) (thickness 0.15)) (justify mirror))
    )
    (fp_line (start -0.95 0.65) (end 0.95 0.65) (layer B.CrtYd) (width 0.05))
    (fp_line (start -0.95 -0.65) (end 0.95 -0.65) (layer B.CrtYd) (width 0.05))
    (fp_line (start -0.95 0.65) (end -0.95 -0.65) (layer B.CrtYd) (width 0.05))
    (fp_line (start 0.95 0.65) (end 0.95 -0.65) (layer B.CrtYd) (width 0.05))
    (fp_line (start 0.25 0.525) (end -0.25 0.525) (layer B.SilkS) (width 0.15))
    (fp_line (start -0.25 -0.525) (end 0.25 -0.525) (layer B.SilkS) (width 0.15))
    (pad 2 smd rect (at 0.45 0 180) (size 0.4 0.6) (layers B.Cu B.Paste B.Mask)
      (net 12 "Net-(ANT1-Pad1)"))
    (pad 1 smd rect (at -0.45 0 180) (size 0.4 0.6) (layers B.Cu B.Paste B.Mask)
      (net 10 GND))
    (model Resistors_SMD.3dshapes/R_0402.wrl
      (at (xyz 0 0 0))
      (scale (xyz 1 1 1))
      (rotate (xyz 0 0 0))
    )
  )

  (module Resistors_SMD:R_0402 (layer B.Cu) (tedit 58432258) (tstamp 581F8DC4)
    (at 19.66976 25.28316 180)
    (descr "Resistor SMD 0402, reflow soldering, Vishay (see dcrcw.pdf)")
    (tags "resistor 0402")
    (path /57C5536B)
    (attr smd)
    (fp_text reference C13 (at 0 1.8 180) (layer B.SilkS)
      (effects (font (size 1 1) (thickness 0.15)) (justify mirror))
    )
    (fp_text value 100n (at 0 -1.8 180) (layer B.Fab)
      (effects (font (size 1 1) (thickness 0.15)) (justify mirror))
    )
    (fp_line (start -0.95 0.65) (end 0.95 0.65) (layer B.CrtYd) (width 0.05))
    (fp_line (start -0.95 -0.65) (end 0.95 -0.65) (layer B.CrtYd) (width 0.05))
    (fp_line (start -0.95 0.65) (end -0.95 -0.65) (layer B.CrtYd) (width 0.05))
    (fp_line (start 0.95 0.65) (end 0.95 -0.65) (layer B.CrtYd) (width 0.05))
    (fp_line (start 0.25 0.525) (end -0.25 0.525) (layer B.SilkS) (width 0.15))
    (fp_line (start -0.25 -0.525) (end 0.25 -0.525) (layer B.SilkS) (width 0.15))
    (pad 2 smd rect (at 0.45 0 180) (size 0.4 0.6) (layers B.Cu B.Paste B.Mask)
      (net 10 GND))
    (pad 1 smd rect (at -0.45 0 180) (size 0.4 0.6) (layers B.Cu B.Paste B.Mask)
      (net 11 VCC))
    (model Resistors_SMD.3dshapes/R_0402.wrl
      (at (xyz 0 0 0))
      (scale (xyz 1 1 1))
      (rotate (xyz 0 0 0))
    )
  )

  (module Resistors_SMD:R_0402 (layer F.Cu) (tedit 58432258) (tstamp 581F8DC9)
    (at 25.2476 19.90344 90)
    (descr "Resistor SMD 0402, reflow soldering, Vishay (see dcrcw.pdf)")
    (tags "resistor 0402")
    (path /5658B226)
    (attr smd)
    (fp_text reference D1 (at 0 -1.8 90) (layer F.SilkS)
      (effects (font (size 1 1) (thickness 0.15)))
    )
    (fp_text value LED (at 0 1.8 90) (layer F.Fab)
      (effects (font (size 1 1) (thickness 0.15)))
    )
    (fp_line (start -0.25 0.525) (end 0.25 0.525) (layer F.SilkS) (width 0.15))
    (fp_line (start 0.25 -0.525) (end -0.25 -0.525) (layer F.SilkS) (width 0.15))
    (fp_line (start 0.95 -0.65) (end 0.95 0.65) (layer F.CrtYd) (width 0.05))
    (fp_line (start -0.95 -0.65) (end -0.95 0.65) (layer F.CrtYd) (width 0.05))
    (fp_line (start -0.95 0.65) (end 0.95 0.65) (layer F.CrtYd) (width 0.05))
    (fp_line (start -0.95 -0.65) (end 0.95 -0.65) (layer F.CrtYd) (width 0.05))
    (pad 1 smd rect (at -0.45 0 90) (size 0.4 0.6) (layers F.Cu F.Paste F.Mask)
      (net 20 "Net-(D1-Pad1)"))
    (pad 2 smd rect (at 0.45 0 90) (size 0.4 0.6) (layers F.Cu F.Paste F.Mask)
      (net 19 "Net-(D1-Pad2)"))
    (model Resistors_SMD.3dshapes/R_0402.wrl
      (at (xyz 0 0 0))
      (scale (xyz 1 1 1))
      (rotate (xyz 0 0 0))
    )
  )

  (module Resistors_SMD:R_0402 (layer B.Cu) (tedit 58432258) (tstamp 581F8DCE)
    (at 18.0848 18.1483 180)
    (descr "Resistor SMD 0402, reflow soldering, Vishay (see dcrcw.pdf)")
    (tags "resistor 0402")
    (path /57C55430)
    (attr smd)
    (fp_text reference D2 (at 0 1.8 180) (layer B.SilkS)
      (effects (font (size 1 1) (thickness 0.15)) (justify mirror))
    )
    (fp_text value LED (at 0 -1.8 180) (layer B.Fab)
      (effects (font (size 1 1) (thickness 0.15)) (justify mirror))
    )
    (fp_line (start -0.25 -0.525) (end 0.25 -0.525) (layer B.SilkS) (width 0.15))
    (fp_line (start 0.25 0.525) (end -0.25 0.525) (layer B.SilkS) (width 0.15))
    (fp_line (start 0.95 0.65) (end 0.95 -0.65) (layer B.CrtYd) (width 0.05))
    (fp_line (start -0.95 0.65) (end -0.95 -0.65) (layer B.CrtYd) (width 0.05))
    (fp_line (start -0.95 -0.65) (end 0.95 -0.65) (layer B.CrtYd) (width 0.05))
    (fp_line (start -0.95 0.65) (end 0.95 0.65) (layer B.CrtYd) (width 0.05))
    (pad 1 smd rect (at -0.45 0 180) (size 0.4 0.6) (layers B.Cu B.Paste B.Mask)
      (net 22 "Net-(D2-Pad1)"))
    (pad 2 smd rect (at 0.45 0 180) (size 0.4 0.6) (layers B.Cu B.Paste B.Mask)
      (net 21 "Net-(D2-Pad2)"))
    (model Resistors_SMD.3dshapes/R_0402.wrl
      (at (xyz 0 0 0))
      (scale (xyz 1 1 1))
      (rotate (xyz 0 0 0))
    )
  )

  (module custom:TP_1x1 (layer F.Cu) (tedit 58432258) (tstamp 581F8DD3)
    (at 26.797 20.84832)
    (path /565B4755)
    (fp_text reference DEBUG1 (at -0.1 -3.2) (layer F.SilkS) hide
      (effects (font (size 1 1) (thickness 0.15)))
    )
    (fp_text value TP (at 0.1 -5) (layer F.SilkS) hide
      (effects (font (size 1 1) (thickness 0.15)))
    )
    (pad 1 smd rect (at 0.1 0.3) (size 1 1) (layers F.Cu F.Mask)
      (net 5 /DEBUG))
  )

  (module custom:TP_1x1 (layer F.Cu) (tedit 58432258) (tstamp 581F8DD7)
    (at 19.7612 17.9832)
    (path /5658BC13)
    (fp_text reference GND1 (at -0.1 -3.2) (layer F.SilkS) hide
      (effects (font (size 1 1) (thickness 0.15)))
    )
    (fp_text value TP (at 0.1 -5) (layer F.SilkS) hide
      (effects (font (size 1 1) (thickness 0.15)))
    )
    (pad 1 smd rect (at 0.1 0.3) (size 1 1) (layers F.Cu F.Mask)
      (net 10 GND))
  )

  (module custom:TP_1x1 (layer F.Cu) (tedit 58432258) (tstamp 581F8DDB)
    (at 22.89048 23.16988)
    (path /565B4743)
    (fp_text reference ISP_CLOCK1 (at -0.1 -3.2) (layer F.SilkS) hide
      (effects (font (size 1 1) (thickness 0.15)))
    )
    (fp_text value TP (at 0.1 -5) (layer F.SilkS) hide
      (effects (font (size 1 1) (thickness 0.15)))
    )
    (pad 1 smd rect (at 0.1 0.3) (size 1 1) (layers F.Cu F.Mask)
      (net 6 /ISP_CLOCK))
  )

  (module custom:TP_1x1 (layer F.Cu) (tedit 58432258) (tstamp 581F8DDF)
    (at 24.384 23.1648)
    (path /565B4749)
    (fp_text reference ISP_DATA1 (at -0.1 -3.2) (layer F.SilkS) hide
      (effects (font (size 1 1) (thickness 0.15)))
    )
    (fp_text value TP (at 0.1 -5) (layer F.SilkS) hide
      (effects (font (size 1 1) (thickness 0.15)))
    )
    (pad 1 smd rect (at 0.1 0.3) (size 1 1) (layers F.Cu F.Mask)
      (net 7 /ISP_DATA))
  )

  (module Resistors_SMD:R_0402 (layer B.Cu) (tedit 58432258) (tstamp 581F8DE3)
    (at 18.47088 19.40052)
    (descr "Resistor SMD 0402, reflow soldering, Vishay (see dcrcw.pdf)")
    (tags "resistor 0402")
    (path /57C54036)
    (attr smd)
    (fp_text reference L1 (at 0 1.8) (layer B.SilkS)
      (effects (font (size 1 1) (thickness 0.15)) (justify mirror))
    )
    (fp_text value 1.2nH (at 0 -1.8) (layer B.Fab)
      (effects (font (size 1 1) (thickness 0.15)) (justify mirror))
    )
    (fp_line (start -0.95 0.65) (end 0.95 0.65) (layer B.CrtYd) (width 0.05))
    (fp_line (start -0.95 -0.65) (end 0.95 -0.65) (layer B.CrtYd) (width 0.05))
    (fp_line (start -0.95 0.65) (end -0.95 -0.65) (layer B.CrtYd) (width 0.05))
    (fp_line (start 0.95 0.65) (end 0.95 -0.65) (layer B.CrtYd) (width 0.05))
    (fp_line (start 0.25 0.525) (end -0.25 0.525) (layer B.SilkS) (width 0.15))
    (fp_line (start -0.25 -0.525) (end 0.25 -0.525) (layer B.SilkS) (width 0.15))
    (pad 2 smd rect (at 0.45 0) (size 0.4 0.6) (layers B.Cu B.Paste B.Mask)
      (net 15 "Net-(C4-Pad2)"))
    (pad 1 smd rect (at -0.45 0) (size 0.4 0.6) (layers B.Cu B.Paste B.Mask)
      (net 10 GND))
    (model Resistors_SMD.3dshapes/R_0402.wrl
      (at (xyz 0 0 0))
      (scale (xyz 1 1 1))
      (rotate (xyz 0 0 0))
    )
  )

  (module Resistors_SMD:R_0402 (layer B.Cu) (tedit 58432258) (tstamp 581F8DE8)
    (at 18.034 22.26056 90)
    (descr "Resistor SMD 0402, reflow soldering, Vishay (see dcrcw.pdf)")
    (tags "resistor 0402")
    (path /57C54046)
    (attr smd)
    (fp_text reference L2 (at 0 1.8 90) (layer B.SilkS)
      (effects (font (size 1 1) (thickness 0.15)) (justify mirror))
    )
    (fp_text value 1.2nH (at 0 -1.8 90) (layer B.Fab)
      (effects (font (size 1 1) (thickness 0.15)) (justify mirror))
    )
    (fp_line (start -0.25 -0.525) (end 0.25 -0.525) (layer B.SilkS) (width 0.15))
    (fp_line (start 0.25 0.525) (end -0.25 0.525) (layer B.SilkS) (width 0.15))
    (fp_line (start 0.95 0.65) (end 0.95 -0.65) (layer B.CrtYd) (width 0.05))
    (fp_line (start -0.95 0.65) (end -0.95 -0.65) (layer B.CrtYd) (width 0.05))
    (fp_line (start -0.95 -0.65) (end 0.95 -0.65) (layer B.CrtYd) (width 0.05))
    (fp_line (start -0.95 0.65) (end 0.95 0.65) (layer B.CrtYd) (width 0.05))
    (pad 1 smd rect (at -0.45 0 90) (size 0.4 0.6) (layers B.Cu B.Paste B.Mask)
      (net 17 "Net-(C7-Pad2)"))
    (pad 2 smd rect (at 0.45 0 90) (size 0.4 0.6) (layers B.Cu B.Paste B.Mask)
      (net 18 "Net-(C11-Pad2)"))
    (model Resistors_SMD.3dshapes/R_0402.wrl
      (at (xyz 0 0 0))
      (scale (xyz 1 1 1))
      (rotate (xyz 0 0 0))
    )
  )

  (module Resistors_SMD:R_0402 (layer B.Cu) (tedit 58432258) (tstamp 581F8DED)
    (at 17.13992 22.2504 270)
    (descr "Resistor SMD 0402, reflow soldering, Vishay (see dcrcw.pdf)")
    (tags "resistor 0402")
    (path /57C549DB)
    (attr smd)
    (fp_text reference L3 (at 0 1.8 270) (layer B.SilkS)
      (effects (font (size 1 1) (thickness 0.15)) (justify mirror))
    )
    (fp_text value 1.2nH (at 0 -1.8 270) (layer B.Fab)
      (effects (font (size 1 1) (thickness 0.15)) (justify mirror))
    )
    (fp_line (start -0.95 0.65) (end 0.95 0.65) (layer B.CrtYd) (width 0.05))
    (fp_line (start -0.95 -0.65) (end 0.95 -0.65) (layer B.CrtYd) (width 0.05))
    (fp_line (start -0.95 0.65) (end -0.95 -0.65) (layer B.CrtYd) (width 0.05))
    (fp_line (start 0.95 0.65) (end 0.95 -0.65) (layer B.CrtYd) (width 0.05))
    (fp_line (start 0.25 0.525) (end -0.25 0.525) (layer B.SilkS) (width 0.15))
    (fp_line (start -0.25 -0.525) (end 0.25 -0.525) (layer B.SilkS) (width 0.15))
    (pad 2 smd rect (at 0.45 0 270) (size 0.4 0.6) (layers B.Cu B.Paste B.Mask)
      (net 12 "Net-(ANT1-Pad1)"))
    (pad 1 smd rect (at -0.45 0 270) (size 0.4 0.6) (layers B.Cu B.Paste B.Mask)
      (net 18 "Net-(C11-Pad2)"))
    (model Resistors_SMD.3dshapes/R_0402.wrl
      (at (xyz 0 0 0))
      (scale (xyz 1 1 1))
      (rotate (xyz 0 0 0))
    )
  )

  (module Resistors_SMD:R_0402 (layer F.Cu) (tedit 58432258) (tstamp 581F8DF2)
    (at 24.4348 24.9428 270)
    (descr "Resistor SMD 0402, reflow soldering, Vishay (see dcrcw.pdf)")
    (tags "resistor 0402")
    (path /56589FE0)
    (attr smd)
    (fp_text reference R1 (at 0 -1.8 270) (layer F.SilkS)
      (effects (font (size 1 1) (thickness 0.15)))
    )
    (fp_text value 5k6 (at 0 1.8 270) (layer F.Fab)
      (effects (font (size 1 1) (thickness 0.15)))
    )
    (fp_line (start -0.25 0.525) (end 0.25 0.525) (layer F.SilkS) (width 0.15))
    (fp_line (start 0.25 -0.525) (end -0.25 -0.525) (layer F.SilkS) (width 0.15))
    (fp_line (start 0.95 -0.65) (end 0.95 0.65) (layer F.CrtYd) (width 0.05))
    (fp_line (start -0.95 -0.65) (end -0.95 0.65) (layer F.CrtYd) (width 0.05))
    (fp_line (start -0.95 0.65) (end 0.95 0.65) (layer F.CrtYd) (width 0.05))
    (fp_line (start -0.95 -0.65) (end 0.95 -0.65) (layer F.CrtYd) (width 0.05))
    (pad 1 smd rect (at -0.45 0 270) (size 0.4 0.6) (layers F.Cu F.Paste F.Mask)
      (net 23 "Net-(R1-Pad1)"))
    (pad 2 smd rect (at 0.45 0 270) (size 0.4 0.6) (layers F.Cu F.Paste F.Mask)
      (net 10 GND))
    (model Resistors_SMD.3dshapes/R_0402.wrl
      (at (xyz 0 0 0))
      (scale (xyz 1 1 1))
      (rotate (xyz 0 0 0))
    )
  )

  (module Resistors_SMD:R_0402 (layer F.Cu) (tedit 58432258) (tstamp 581F8DF7)
    (at 25.4 24.9428 270)
    (descr "Resistor SMD 0402, reflow soldering, Vishay (see dcrcw.pdf)")
    (tags "resistor 0402")
    (path /56589FE6)
    (attr smd)
    (fp_text reference R2 (at 0 -1.8 270) (layer F.SilkS)
      (effects (font (size 1 1) (thickness 0.15)))
    )
    (fp_text value 10k (at 0 1.8 270) (layer F.Fab)
      (effects (font (size 1 1) (thickness 0.15)))
    )
    (fp_line (start -0.95 -0.65) (end 0.95 -0.65) (layer F.CrtYd) (width 0.05))
    (fp_line (start -0.95 0.65) (end 0.95 0.65) (layer F.CrtYd) (width 0.05))
    (fp_line (start -0.95 -0.65) (end -0.95 0.65) (layer F.CrtYd) (width 0.05))
    (fp_line (start 0.95 -0.65) (end 0.95 0.65) (layer F.CrtYd) (width 0.05))
    (fp_line (start 0.25 -0.525) (end -0.25 -0.525) (layer F.SilkS) (width 0.15))
    (fp_line (start -0.25 0.525) (end 0.25 0.525) (layer F.SilkS) (width 0.15))
    (pad 2 smd rect (at 0.45 0 270) (size 0.4 0.6) (layers F.Cu F.Paste F.Mask)
      (net 2 /ADC1))
    (pad 1 smd rect (at -0.45 0 270) (size 0.4 0.6) (layers F.Cu F.Paste F.Mask)
      (net 23 "Net-(R1-Pad1)"))
    (model Resistors_SMD.3dshapes/R_0402.wrl
      (at (xyz 0 0 0))
      (scale (xyz 1 1 1))
      (rotate (xyz 0 0 0))
    )
  )

  (module Resistors_SMD:R_0402 (layer F.Cu) (tedit 58432258) (tstamp 581F8DFC)
    (at 21.2598 19.47164 270)
    (descr "Resistor SMD 0402, reflow soldering, Vishay (see dcrcw.pdf)")
    (tags "resistor 0402")
    (path /56574FC9)
    (attr smd)
    (fp_text reference R3 (at 0 -1.8 270) (layer F.SilkS)
      (effects (font (size 1 1) (thickness 0.15)))
    )
    (fp_text value 56k (at 0 1.8 270) (layer F.Fab)
      (effects (font (size 1 1) (thickness 0.15)))
    )
    (fp_line (start -0.25 0.525) (end 0.25 0.525) (layer F.SilkS) (width 0.15))
    (fp_line (start 0.25 -0.525) (end -0.25 -0.525) (layer F.SilkS) (width 0.15))
    (fp_line (start 0.95 -0.65) (end 0.95 0.65) (layer F.CrtYd) (width 0.05))
    (fp_line (start -0.95 -0.65) (end -0.95 0.65) (layer F.CrtYd) (width 0.05))
    (fp_line (start -0.95 0.65) (end 0.95 0.65) (layer F.CrtYd) (width 0.05))
    (fp_line (start -0.95 -0.65) (end 0.95 -0.65) (layer F.CrtYd) (width 0.05))
    (pad 1 smd rect (at -0.45 0 270) (size 0.4 0.6) (layers F.Cu F.Paste F.Mask)
      (net 10 GND))
    (pad 2 smd rect (at 0.45 0 270) (size 0.4 0.6) (layers F.Cu F.Paste F.Mask)
      (net 24 "Net-(R3-Pad2)"))
    (model Resistors_SMD.3dshapes/R_0402.wrl
      (at (xyz 0 0 0))
      (scale (xyz 1 1 1))
      (rotate (xyz 0 0 0))
    )
  )

  (module Resistors_SMD:R_0402 (layer F.Cu) (tedit 58432258) (tstamp 581F8E01)
    (at 25.28824 18.64868 180)
    (descr "Resistor SMD 0402, reflow soldering, Vishay (see dcrcw.pdf)")
    (tags "resistor 0402")
    (path /5658B239)
    (attr smd)
    (fp_text reference R4 (at 0 -1.8 180) (layer F.SilkS)
      (effects (font (size 1 1) (thickness 0.15)))
    )
    (fp_text value 1k (at 0 1.8 180) (layer F.Fab)
      (effects (font (size 1 1) (thickness 0.15)))
    )
    (fp_line (start -0.95 -0.65) (end 0.95 -0.65) (layer F.CrtYd) (width 0.05))
    (fp_line (start -0.95 0.65) (end 0.95 0.65) (layer F.CrtYd) (width 0.05))
    (fp_line (start -0.95 -0.65) (end -0.95 0.65) (layer F.CrtYd) (width 0.05))
    (fp_line (start 0.95 -0.65) (end 0.95 0.65) (layer F.CrtYd) (width 0.05))
    (fp_line (start 0.25 -0.525) (end -0.25 -0.525) (layer F.SilkS) (width 0.15))
    (fp_line (start -0.25 0.525) (end 0.25 0.525) (layer F.SilkS) (width 0.15))
    (pad 2 smd rect (at 0.45 0 180) (size 0.4 0.6) (layers F.Cu F.Paste F.Mask)
      (net 10 GND))
    (pad 1 smd rect (at -0.45 0 180) (size 0.4 0.6) (layers F.Cu F.Paste F.Mask)
      (net 19 "Net-(D1-Pad2)"))
    (model Resistors_SMD.3dshapes/R_0402.wrl
      (at (xyz 0 0 0))
      (scale (xyz 1 1 1))
      (rotate (xyz 0 0 0))
    )
  )

  (module Resistors_SMD:R_0402 (layer F.Cu) (tedit 58432258) (tstamp 581F8E06)
    (at 26.50236 19.56308 180)
    (descr "Resistor SMD 0402, reflow soldering, Vishay (see dcrcw.pdf)")
    (tags "resistor 0402")
    (path /57C53EC8)
    (attr smd)
    (fp_text reference R5 (at 0 -1.8 180) (layer F.SilkS)
      (effects (font (size 1 1) (thickness 0.15)))
    )
    (fp_text value 10k (at 0 1.8 180) (layer F.Fab)
      (effects (font (size 1 1) (thickness 0.15)))
    )
    (fp_line (start -0.25 0.525) (end 0.25 0.525) (layer F.SilkS) (width 0.15))
    (fp_line (start 0.25 -0.525) (end -0.25 -0.525) (layer F.SilkS) (width 0.15))
    (fp_line (start 0.95 -0.65) (end 0.95 0.65) (layer F.CrtYd) (width 0.05))
    (fp_line (start -0.95 -0.65) (end -0.95 0.65) (layer F.CrtYd) (width 0.05))
    (fp_line (start -0.95 0.65) (end 0.95 0.65) (layer F.CrtYd) (width 0.05))
    (fp_line (start -0.95 -0.65) (end 0.95 -0.65) (layer F.CrtYd) (width 0.05))
    (pad 1 smd rect (at -0.45 0 180) (size 0.4 0.6) (layers F.Cu F.Paste F.Mask)
      (net 11 VCC))
    (pad 2 smd rect (at 0.45 0 180) (size 0.4 0.6) (layers F.Cu F.Paste F.Mask)
      (net 9 /~RESET))
    (model Resistors_SMD.3dshapes/R_0402.wrl
      (at (xyz 0 0 0))
      (scale (xyz 1 1 1))
      (rotate (xyz 0 0 0))
    )
  )

  (module Resistors_SMD:R_0402 (layer B.Cu) (tedit 58432258) (tstamp 581F8E0B)
    (at 17.16024 19.03476 270)
    (descr "Resistor SMD 0402, reflow soldering, Vishay (see dcrcw.pdf)")
    (tags "resistor 0402")
    (path /57C55436)
    (attr smd)
    (fp_text reference R6 (at 0 1.8 270) (layer B.SilkS)
      (effects (font (size 1 1) (thickness 0.15)) (justify mirror))
    )
    (fp_text value 1k (at 0 -1.8 270) (layer B.Fab)
      (effects (font (size 1 1) (thickness 0.15)) (justify mirror))
    )
    (fp_line (start -0.95 0.65) (end 0.95 0.65) (layer B.CrtYd) (width 0.05))
    (fp_line (start -0.95 -0.65) (end 0.95 -0.65) (layer B.CrtYd) (width 0.05))
    (fp_line (start -0.95 0.65) (end -0.95 -0.65) (layer B.CrtYd) (width 0.05))
    (fp_line (start 0.95 0.65) (end 0.95 -0.65) (layer B.CrtYd) (width 0.05))
    (fp_line (start 0.25 0.525) (end -0.25 0.525) (layer B.SilkS) (width 0.15))
    (fp_line (start -0.25 -0.525) (end 0.25 -0.525) (layer B.SilkS) (width 0.15))
    (pad 2 smd rect (at 0.45 0 270) (size 0.4 0.6) (layers B.Cu B.Paste B.Mask)
      (net 10 GND))
    (pad 1 smd rect (at -0.45 0 270) (size 0.4 0.6) (layers B.Cu B.Paste B.Mask)
      (net 21 "Net-(D2-Pad2)"))
    (model Resistors_SMD.3dshapes/R_0402.wrl
      (at (xyz 0 0 0))
      (scale (xyz 1 1 1))
      (rotate (xyz 0 0 0))
    )
  )

  (module custom:TP_1x1 (layer F.Cu) (tedit 58432258) (tstamp 581F8E10)
    (at 26.80208 23.46452)
    (path /5658A7C4)
    (fp_text reference SBUS_PPM1 (at -0.1 -3.2) (layer F.SilkS) hide
      (effects (font (size 1 1) (thickness 0.15)))
    )
    (fp_text value TP (at 0.1 -5) (layer F.SilkS) hide
      (effects (font (size 1 1) (thickness 0.15)))
    )
    (pad 1 smd rect (at 0.1 0.3) (size 1 1) (layers F.Cu F.Mask)
      (net 8 /SBUS_PPM))
  )

  (module custom:QFN36_CC2510_GNDPLANE_HACK (layer B.Cu) (tedit 58432258) (tstamp 581F8E14)
    (at 23.622 21.717 180)
    (path /56560D0D)
